
>>> sort 10 numbers.
[3,7,6,2,8,9,0,3,9,0]
bubble sort: 0.619ms
[0,0,2,3,3,6,7,8,9,9]

>>> sort 20 numbers.
[17,9,13,10,8,9,14,9,20,18,7,16,20,15,18,4,11,16,10,2]
bubble sort: 0.124ms
[2,4,7,8,9,9,9,10,10,11,13,14,15,16,16,17,18,18,20,20]

>>> sort 50 numbers.
[26,14,48,1,18,18,43,45,3,50,0,41,1,1,39,48,7,9,6,43,47,49,18,1,11,19,42,48,40,36,48,24,8,45,8,22,45,9,35,1,14,1,33,34,42,14,48,13,47,29]
bubble sort: 0.501ms
[0,1,1,1,1,1,1,3,6,7,8,8,9,9,11,13,14,14,14,18,18,18,19,22,24,26,29,33,34,35,36,39,40,41,42,42,43,43,45,45,45,47,47,48,48,48,48,48,49,50]

>>> sort 100 numbers.
[69,93,0,82,25,65,33,94,67,59,75,80,95,28,68,62,88,30,36,6,4,83,73,49,41,54,34,45,23,79,55,30,31,31,38,33,88,59,13,9,69,22,41,14,8,63,24,6,66,48,26,8,72,50,63,29,65,33,43,84,45,31,52,77,63,82,73,53,19,42,54,50,67,89,85,9,70,81,78,27,58,96,73,90,31,71,56,44,88,91,75,1,20,87,80,60,56,58,88,75]
bubble sort: 1.971ms
[0,1,4,6,6,8,8,9,9,13,14,19,20,22,23,24,25,26,27,28,29,30,30,31,31,31,31,33,33,33,34,36,38,41,41,42,43,44,45,45,48,49,50,50,52,53,54,54,55,56,56,58,58,59,59,60,62,63,63,63,65,65,66,67,67,68,69,69,70,71,72,73,73,73,75,75,75,77,78,79,80,80,81,82,82,83,84,85,87,88,88,88,88,89,90,91,93,94,95,96]
