
>>> sort 10 numbers.
[5,9,10,5,10,9,8,10,10,9]
insertion search: 0.427ms
[5,5,8,9,9,9,10,10,10,10]

>>> sort 20 numbers.
[17,7,14,14,18,8,12,13,18,9,16,19,15,13,16,17,19,20,18,19]
insertion search: 0.062ms
[7,8,9,12,13,13,14,14,15,16,16,17,17,18,18,18,19,19,19,20]

>>> sort 50 numbers.
[31,28,41,35,45,6,20,14,9,49,43,50,12,44,45,16,29,39,34,42,46,27,24,27,32,25,40,28,34,49,37,49,41,41,39,36,46,48,41,47,50,41,43,44,47,48,48,47,49,49]
insertion search: 0.240ms
[6,9,12,14,16,20,24,25,27,27,28,28,29,31,32,34,34,35,36,37,39,39,40,41,41,41,41,41,42,43,43,44,44,45,45,46,46,47,47,47,48,48,48,49,49,49,49,49,50,50]

>>> sort 100 numbers.
[48,44,21,18,19,87,90,53,39,33,73,76,34,67,94,44,89,69,28,20,41,60,35,24,83,81,84,90,89,67,64,80,64,82,46,63,100,75,55,52,62,74,65,80,74,75,78,78,73,62,71,53,79,66,69,60,94,57,94,59,67,66,71,76,87,98,93,79,84,69,92,89,72,100,100,92,91,87,80,92,100,88,90,85,84,92,91,96,100,95,91,93,100,96,100,100,97,99,100,99]
insertion search: 0.936ms
[18,19,20,21,24,28,33,34,35,39,41,44,44,46,48,52,53,53,55,57,59,60,60,62,62,63,64,64,65,66,66,67,67,67,69,69,69,71,71,72,73,73,74,74,75,75,76,76,78,78,79,79,80,80,80,81,82,83,84,84,84,85,87,87,87,88,89,89,89,90,90,90,91,91,91,92,92,92,92,93,93,94,94,94,95,96,96,97,98,99,99,100,100,100,100,100,100,100,100,100]
